1332
258
443
945
620
2957
1788
1944
626
1679
467
747
2614
1448
2367
2571
2747
864
2584
476
1942
868
916
2061
1341
148
582
1972
1647
2714
2581
1560
2007
1631
1539
1617
2951
1744
1352
2054
2989
2243
195
965
411
1147
2971
1722
72
1387
2096
386
1652
275
1153
2506
1559
1977
574
1309
933
1040
632
2375
2368
315
1924
49
413
316
817
1855
2689
254
960
209
2763
527
926
2939
2602
1533
591
150
2870
395
2570
233
2442
1359
2601
1013
1420
1740
62
1227
1911
1560
146
1457
1271
1577
937
1435
1535
1748
1485
1160
470
2497
2043
393
297
563
1627
475
162
341
2452
2821
2944
214
899
2949
1660
107
1862
2783
2451
2978
2978
2379
2282
1596
1387
2501
1031
55
257
2322
1075
1663
2187
519
377
609
1798
119
312
2718
469
930
281
31
2377
61
390
1869
1363
334
1857
213
314
1007
1902
1515
624
406
531
820
1616
164
474
2232
2142
1922
2023
2336
2564
1628
1932
1897
1561
2698
392
2554
1412
2861
286
2772
41
1468
2835
894
1414
470
386
1251
2984
1850
1334
433
1464
150
242
2858
1460
1035
2701
1256
719
1884
2911
2784
1665
789
2938
155
194
29
2952
1184
823
242
2772
2586
1035
284
2535
753
200
1732
1882
2351
1927
57
2416
1338
111
1489
1473
381
905
2791
1787
1486
1061
1506
2125
2717
434
1541
479
748
1024
1676
1154
269
492
2543
41
526
2980
480
283
2224
1297
1862
1872
2009
155
1547
2694
1972
2064
331
662
2236
45
669
2807
432
128
2986
2854
1971
2943
354
2047
199
170
2748
2249
1344
1569
164
892
287
819
1129
53
105
855
1929
2251
2318
794
331
932
1632
1028
2354
2549
693
1572
561
116
2650
356
1400
1472
1152
963
336
813
1586
1197
959
1143
2358
2092
604
2991
2413
660
2480
2169
2990
2036
1718
158
542
1194
2891
720
274
2090
986
1587
451
2227
243
382
626
192
885
1078
1037
2465
1150
1427
783
1536
991
378
1448
153
2898
1394
891
620
1032
198
2602
2580
122
120
1098
521
2645
106
1273
1963
221
1350
572
647
2300
62
1787
2046
96
1854
2282
1965
2786
2317
233
2994
452
2331
2311
2491
267
463
1935
1499
706
1230
1085
80
2264
233
91
380
30
2814
1220
830
2361
2330
2518
1761
251
614
376
1693
1404
1192
2443
89
1103
1257
1391
1468
2092
2658
2211
925
608
1053
2346
2113
1026
1433
2671
2096
318
2104
1296
467
46
196
1535
997
1031
421
450
903
1483
2473
2200
1503
140
369
1781
995
1389
1796
1524
196
1573
412
1920
1164
2667
1660
417
2800
2339
792
292
480
655
1590
1109
2091
825
725
889
102
137
1463
989
2471
55
1143
1730
2289
2590
2857
2727
1449
920
2075
1832
2387
2661
2409
1280
199
1523
471
28
1445
181
2557
208
2887
326
236
2412
490
2806
1018
2441
55
1733
2186
866
671
1850
2431
1827
252
1314
309
2651
1345
1557
1416
2864
2956
1213
2621
2370
1716
297
2471
99
2148
169
281
2715
357
2007
2868
2088
441
474
1243
205
2561
720
1114
1882
1308
2479
2732
2150
2590
696
735
1880
2260
2359
1300
496
102
823
436
2927
1146
1979
44
482
1167
54
797
1252
366
2930
140
1621
349
2267
1211
852
185
619
2010
345
1854
837
1301
2420
507
1445
2023
2514
2317
2506
386
253
1223
178
113
1108
2118
312
2210
493
2686
2489
1056
2652
1627
1054
2373
2032
1061
2289
1252
1107
2782
64
355
470
1290
1124
1473
1956
2179
342
812
489
1736
2945
1183
1935
2813
50
411
86
582
1870
218
2719
32
109
184
2404
1655
2762
544
1636
542
2719
2521
181
2996
2651
2859
389
2924
1395
2489
369
633
337
1172
1020
2710
2855
330
426
2444
1351
1161
2827
2157
1767
1578
1621
1792
2065
873
2943
1754
2780
1748
2443
1580
1317
397
243
2915
2454
478
443
338
367
241
2610
2031
499
330
123
2101
2235
845
1033
25
356
1858
557
484
387
2983
1703
789
409
2108
896
1433
796
1115
2252
1197
783
39
1084
1399
96
1682
2996
2184
2730
230
1588
390
1065
816
2662
2614
426
2465
2716
2340
1149
941
26
2719
150
2104
1454
896
2822
1826
1697
1965
2331
465
1361
2105
387
2845
2854
2050
167
1737
2589
1951
1067
246
99
2102
748
543
1105
2586
169
710
826
2924
942
373
1732
1934
285
1879
2220
717
704
2916
1391
375
146
2935
814
1552
1188
916
2810
1989
332
1306
2470
1393
1383
2950
1349
806
994
1583
1554
1542
360
720
2109
690
503
605
642
1707
178
2367
216
1900
181
1995
2814
2642
57
314
476
595
2898
428
989
1372
1942
1185
2297
2392
444
2714
538
897
2005
2247
404
2254
1043
27
241
685
1476
2584
221
98
1895
1324
2542
515
1758
667
57
216
2128
1256
2735
2123
155
978
1926
1310
1033
367
179
2276
998
278
241
2073
2308
649
466
960
144
2249
1983
2237
792
182
2350
1303
2040
2154
2650
1410
1520
2829
813
558
1701
1105
2642
795
2234
25
201
2274
154
1535
344
1470
2996
296
373
1950
729
1372
2457
2297
1157
1879
511
2929
1855
2352
2809
1536
45
1545
202
124
886
605
2057
745
2654
175
1311
1036
1911
1962
1965
2899
2464
2109
1137
889
1001
2832
1949
1898
2037
1965
61
1137
484
2756
308
1662
194
857
658
436
188
1786
2734
2938
1299
1516
1258
2788
243
2988
1905
135
2423
1251
48
904
831
138
1579
107
768
336
1382
2130
275
726
2932
1435
718
2110
1776
2912
367
1294
125
1176
1991
1992
2847
63
151
899
1858
290
1621
1194
1519
178
216
375
2684
572
2971
1979
2170
183
124
1765
2443
1993
2063
1064
872
136
1024
1294
1276
212
1814
2716
1703
2663
999
206
1367
229
2302
346
1914
785
2567
2453
2454
2037
114
526
592
558
1093
244
2006
2374
2957
315
2552
549
277
1560
766
2254
1159
2396
1226
1374
2213
2348
1179
2868
286
95
2666
1813
425
560
2623
895
291
117
112
2277
135
160
1575
1813
2443
2320
2870
1875
215
354
2373
1651
1254
1663
1325
2436
366
969
1088
1407
2794
2987
275
1497
498
1145
523
116
2127
1587
223
1884
299
2380
2730
1993
471
926
435
2672
144
2302
1324
67
513
2594
1266
1894
1172
2992
110
1814
1721
2792
272
2837
2743
2204
1233
1160
758
540
701
1361
948
2483
1142
675
2067
2783
1451
1174
2346
419
2149
874
143
306
1425
2026
151
2435
785
1383
331
2550
1854
749
269
113
548
2336
1090
2882
802
1462
460
1105
1589
347
2515
2400
432
858
144
2736
2041
114
1784
2401
632
1789
2927
114
614
1302
1935
2977
2004
866
608
453
1101
650
2221
1769
1405
580
1109
1937
231
1238
1552
387
1674
2204
504
1055
1936
197
713
2575
1815
25
2917
1107
2444
2488
1760
1657
667
545
187
426
1382
1677
246
404
596
258
933
1415
455
1244
1132
1793
2553
1045
670
831
2796
2010
367
863
443
1303
683
280
858
768
23
2126
2674
2348
2212
343
1130
2268
1554
1743
1032
2021
1370
177
494
323
26
2144
2066
1369
1762
1616
346
1368
417
2353
1435
1953
2146
405
1861
2454
273
231
308
269
97
1994
110
547
1192
966
1880
1100
2271
1739
2584
1190
889
2859
2751
1542
2565
1691
