1746
98823
4161
34846
51437
35099
81749
47120
82093
46264
4367
98702
30464
69761
94008
30306
98680
76129
76177
80771
57241
55556
1447
18819
95358
60017
29400
11579
9493
47737
39048
13763
26141
337
43349
29380
63201
50387
65872
187
50169
77872
96242
98694
75528
11602
8287
52500
65466
37878
43019
65424
21332
84002
17911
4211
76519
86892
1195
3853
58111
379
12953
34798
98371
69973
18561
47694
599
39321
87443
79650
93307
83369
19483
90977
97745
29863
3037
74418
47818
6153
11872
42061
22352
45436
47616
72652
65794
22835
77801
12227
51383
35478
41113
8031
86098
30459
43532
76837
5185
25089
95070
83065
96616
56988
52515
47351
63038
18497
17935
54092
10499
32766
20062
49938
449
79019
46099
63789
41047
61518
68879
56401
86121
2377
32724
5614
47306
50683
78759
50313
64889
99794
5188
17519
91083
12320
16193
26538
46327
22037
47150
97573
53
78190
43810
30856
58061
48752
11725
55740
87000
13009
38292
1751
47880
44017
41927
14851
41641
1475
78684
27941
25413
61797
10057
97859
45257
62809
51287
55807
173
68399
96857
10453
19127
98807
52015
84730
43933
91968
72962
33368
25088
33487
88611
67619
12263
41851
60449
55406
9789
95010
86975
2158
18838
85705
5521
23492
60958
69968
28087
9327
59126
10101
38638
557
60341
11321
8229
1373
34253
71171
59839
63047
27680
56785
13109
13649
96527
78503
48482
86248
87785
30668
8090
68049
79627
51283
78991
68090
84618
75391
68609
33013
50221
35982
86311
53627
16866
63794
2737
12285
96441
33317
23289
67026
41413
94961
86218
51006
75534
44657
71879
383
7627
93172
7057
42467
61237
62841
26067
97880
94343
65647
25305
30997
86450
39914
53455
44931
73283
45439
93245
85627
90028
78480
36923
97173
66199
53189
98574
36856
61483
34543
41037
43572
51511
73609
30590
50755
70010
94849
38633
2777
52919
95166
59557
7719
71143
48419
90379
54559
2679
51108
12159
95683
58997
71111
63762
80045
12823
92791
94708
86354
32443
86425
92680
90977
18941
95912
12254
93180
68714
30745
64221
18713
28439
48868
47477
37517
8901
84713
35027
22637
89332
34033
5309
57688
39710
44940
38031
4999
37093
11903
80963
92581
4441
51595
2633
6507
96725
74481
43138
59153
41462
46900
77933
84101
8846
13784
81436
58723
81769
42821
42306
23619
27277
76158
73346
1093
54832
77956
38118
78511
16411
67601
20310
13278
83152
92712
10159
47896
96512
83207
65701
61631
85797
48395
57879
31607
73221
1397
40087
52473
29921
53988
69380
20698
66292
92249
28572
40544
16269
31112
7933
18637
32381
56837
32568
36787
9843
38543
2568
34763
88468
77621
32184
25497
1997
76274
84631
92066
48432
46576
45280
88169
12969
49811
44131
56053
84209
787
35582
37256
66751
21193
27923
76437
94889
11225
56773
98967
93332
36590
25037
62123
19699
55490
26974
75301
89145
22381
82740
53547
75767
3839
8693
90379
70598
45333
56591
20605
95131
90399
91813
10843
37219
18695
2744
44475
8951
75614
52902
56268
70489
66787
60869
81551
43816
29723
66337
63247
73037
16063
41840
27289
67364
6497
2663
97240
57725
57182
31104
44512
4831
33769
6817
70743
96431
30971
14143
88547
72493
54864
66821
23991
57612
76980
7417
13687
44131
61436
537
64793
68445
29968
36857
96539
4088
6367
15739
68051
99351
919
54502
81099
60308
33693
59129
6106
98144
98624
43331
86239
85835
6664
56127
53130
31493
3408
10139
16725
51345
61423
72085
79411
88722
677
2719
82321
56848
14887
50967
54989
98597
75431
14423
93427
74101
61343
13901
80518
59693
30542
63243
59468
81897
83013
61054
61694
57377
32867
3863
31489
4778
3067
18473
12930
31013
69944
44712
11279
57961
11021
95881
36303
76569
6569
75891
51998
70589
87961
23063
19212
71683
38393
69427
79968
51403
99635
54937
23860
33428
92908
67421
43011
17076
1097
44179
62039
29327
41219
72010
78961
46573
57163
61726
154
47629
22369
27883
50131
68749
40524
4957
27410
93053
72291
98641
56873
2027
28035
45268
90747
20549
85431
7918
76941
16201
45093
34269
19837
48550
56682
88372
43121
69027
49289
75428
11497
18970
49598
88807
61751
27389
43978
2755
56601
89801
81231
80398
94745
57191
94447
43672
85223
92507
86501
24435
76651
31141
7331
95419
95305
13868
95314
8369
23508
46471
34213
59239
92798
11164
20630
53814
70099
14928
82402
52489
81283
69829
25981
5769
58415
23900
95338
68359
64119
92669
83903
93739
84969
11148
18011
30994
21249
45178
63315
88327
90788
82881
55542
33597
79241
17881
94537
7621
5340
53269
7559
19531
67332
24096
26541
47382
19242
50543
91884
53571
44687
5367
79229
27577
95625
16561
45222
59417
19155
78548
16741
99823
61627
69886
16776
91453
97523
41756
16762
85683
92917
23227
94230
77126
76775
73643
286
23800
24578
97081
70329
98615
80233
68449
17137
32372
6608
45306
50049
93259
68194
93763
93758
8381
1901
41631
40847
10067
84720
66673
75079
93251
91520
4353
52908
89136
88007
5304
87631
52573
24439
68767
5323
6397
15427
38927
33660
67231
29359
57693
92805
93628
23567
50662
63020
26729
68104
73969
84156
62873
31215
22121
80521
65076
25229
16001
66444
2892
83381
95617
92461
89620
15350
93871
20047
1
55027
69848
10255
81883
68317
25487
57428
3391
26597
57503
92762
3568
28043
63761
96293
94483
73746
1913
31393
21521
80671
55579
35308
66682
35948
56333
26972
80272
62971
43991
4931
7807
20959
62869
61673
9933
20549
7541
19319
78631
34729
34519
50178
42449
47395
2418
91962
33939
52253
85060
60984
7464
69761
18587
59333
46211
91433
97792
42128
43081
79737
33428
49681
84290
95527
65029
56747
22063
23003
93971
2879
36630
20051
80331
65857
77706
88707
40939
36949
29476
84203
72628
38201
72169
96504
20837
5227
49943
17291
68752
51671
43079
46771
40899
10075
65433
55913
45343
96690
9636
87623
65312
8297
21320
8753
31652
70606
36158
1319
49101
46044
90989
26989
57753
64879
36841
74414
4229
83113
60746
87181
281
64407
97044
397
47844
58806
80923
72735
9195
74393
96043
19563
98735
40572
44571
46652
76172
20014
48102
73120
17923
40493
7547
82056
94001
46679
91664
65646
50417
68261
71761
5623
42388
12041
36109
72616
77611
64189
59663
40303
61296
16703
70197
89693
11161
53103
57981
13981
34261
14312
4275
36258
72225
652
94661
86837
17800
18148
22945
54979
79847
23339
10101
12643
82160
66728
30508
12157
80485
82630
91501
95273
41081
93983
12900
92811
48179
47681
59611
63997
30056
48497
40709
96121
65001
27999
67590
10891
69725
36527
92338
29243
64043
35227
84238
24593
26683
54559
80652
77179
96592
91948
37125
46411
3767
38987
63962
96055
80789
43963
73218
66542
47317
48463
2
76724
11087
98369
14983
70191
81163
77621
9839
39695
11483
21011
48953
61744
64093
61576
55325
95701
4003
66010
81025
92006
28223
7811
22150
41368
80637
24225
42391
63249
87449
98324
96716
66559
47497
59084
18427
32098
91058
25347
81020
64354
65190
60206
22541
51755
95383
20941
58775
85538
19437
99848
94351
54160
88944
49033
2215
46399
91019
77359
96009
70081
9218
29789
82006
33347
95270
45409
55761
18368
17863
41644
28915
51769
83194
41256
76283
36571
65407
78553
9965
47599
91390
4821
88681
2237
75941
54851
21118
50951
9151
4099
11490
10826
38976
55252
78539
26374
49455
80980
35897
12799
39241
72390
46088
20260
67419
94878
71198
81222
55331
99973
79640
8900
90097
49363
68258
32886
29251
76428
62477
68829
56762
20270
43073
51349
25693
334
39173
5745
2214
78068
1693
62291
94151
41183
2702
48953
27223
42
82549
14411
67723
66697
42373
2595
494
85840
26017
28064
25837
98041
67806
82311
89627
76584
2381
6890
90510
58130
10889
59659
17289
35561
72271
60294
1002
50231
52553
89287
45363
41793
17834
46809
62929
96931
54367
43177
41846
10781
40412
88317
7349
42992
10733
36348
5109
20184
10654
78945
44706
72016
70996
98855
74702
77469
7253
25230
26479
34674
64885
75728
42545
95926
38406
39233
61765
37475
74568
39486
95310
76537
86981
57413
78394
65270
88011
14461
29363
37626
37253
10280
77629
88293
39621
27515
53512
12515
30187
93371
46837
5197
52709
349
11587
85427
53021
18536
44329
8233
27793
68764
52813
53773
84028
35577
14132
18539
21395
347
78289
12909
63401
81869
18010
23953
92311
82039
95813
56056
91197
69539
71351
97715
87007
45852
13307
85619
93913
51908
24677
83899
77647
50044
85370
93129
2591
3637
34085
77895
42404
2880
78739
12584
52169
20011
40936
42979
74905
62133
18282
59581
66335
53648
56648
33136
82616
51169
97103
54511
74759
86572
83274
62115
2530
46907
73332
33755
70297
31817
75541
54778
86005
33551
70573
13003
46499
40009
85625
54166
64709
3577
94331
49571
51113
14387
80693
75211
60588
16589
54907
38597
89897
87569
2953
51243
12163
83516
38047
75540
97771
36857
18794
48188
33002
31800
33529
68183
85342
31552
33191
29604
319
75983
86520
16529
36887
28304
62601
75808
31056
4799
28923
39850
41229
24093
50159
94151
58109
68308
50810
98570
4653
97367
29962
72431
70649
15121
12721
48235
26203
81297
60869
47534
36307
78673
25541
64830
71535
87120
69012
72421
29611
68389
10223
97530
27074
68333
56549
824
83950
9941
98793
26321
38993
56415
66863
43255
25533
78101
21871
78602
69691
36007
36573
89137
41568
17789
10767
7329
11069
2261
88124
9577
50461
19176
9496
69107
41651
32124
96263
52901
90689
33385
60353
44618
33997
59221
91126
75594
32378
4319
69279
15413
74234
39197
13463
54176
28597
7687
38794
51786
88348
38578
2729
23291
88643
2591
78143
88499
35123
74002
51269
60945
9045
50087
88747
53157
95467
96518
62812
95888
88270
93731
12799
99528
9369
59526
14702
9258
14887
58049
50393
74771
14419
99182
15923
39698
21468
31051
25373
33469
23422
57425
50090
157
59723
70721
85003
81645
14254
15081
4903
99063
25588
16380
42385
45411
83983
24967
26699
17383
71616
94583
49019
56043
6659
4564
74161
69821
2697
24494
22151
61501
8089
31607
52335
32411
62327
13319
39839
24910
12542
24557
90238
12572
17072
86813
59081
11203
41387
8527
70937
50725
81929
26437
93568
12070
8822
77563
96847
12194
30853
90340
74609
87595
7578
64179
1291
45327
14810
13884
17863
64413
85523
71342
52967
48568
76013
45950
70210
15349
50029
4426
20977
40484
95012
86550
33655
50892
57989
5510
39199
88269
8885
91507
2233
37309
98927
89231
56428
987
71896
95718
49261
32191
3147
92044
31253
6817
84471
44836
44017
27733
1289
3163
54842
27027
6789
33413
72189
57676
59477
13763
83506
58571
71993
92491
96685
64763
73076
63617
26730
91571
25295
2497
79871
49217
4429
77627
93229
46180
80849
59621
38281
63703
60901
10744
78673
80318
13487
37607
2110
13771
53267
47609
99961
5683
58779
48859
12515
97117
57379
32211
43145
51487
75916
23322
41387
94910
38193
2141
40611
45863
94254
25741
95089
63940
52010
76919
6079
41439
14274
14667
83990
29917
95774
91706
115
77162
8779
50256
22727
41269
68858
34149
92644
53964
66605
1847
93820
50495
39566
28951
87903
92067
82891
49602
36377
20101
98533
45020
62733
73333
50288
53541
93949
95143
62388
3709
99741
83431
41213
10091
99523
81817
9892
10612
7595
49882
82894
93285
40176
32062
84726
99006
28301
62741
13587
60617
5716
61468
10713
82559
99295
56382
26620
36015
2137
58626
64640
82043
1543
28579
95740
58796
59838
18655
23309
31859
79111
65787
74429
15107
10926
87523
73037
64123
27103
70003
52467
37675
59663
2343
55490
43638
29429
49388
66593
86413
78366
103
89629
51917
27836
57314
81234
38629
63320
51736
77247
33533
419
1449
51525
67768
60158
84772
52570
19352
77056
99349
81503
75630
20198
55059
16287
63487
67897
64361
86381
40432
11134
21866
94170
89518
74405
63097
7950
83547
1504
76099
37792
84463
56158
60565
81030
59961
70423
15414
53758
34961
48701
17867
93928
69500
52395
1107
42660
12396
33300
42722
91247
19857
85305
17171
50106
63533
84065
47189
42899
32859
25123
20682
52084
58989
50539
14705
5591
1221
76124
89231
96860
25747
79151
63124
71583
13551
58930
2953
2842
29755
74641
52256
11197
74729
54047
71742
50377
49717
78135
90888
89783
41713
4940
15149
3413
98737
75343
69950
59290
27239
15629
99124
53425
53017
49034
10093
75986
40279
20323
21205
14483
97735
21997
9563
54327
19661
50453
9051
1901
44489
8672
15887
65793
67547
51109
51994
70407
24839
63183
48827
234
91434
19239
9097
23561
42923
54293
48593
51817
70966
66383
84407
27783
40915
12496
73421
98254
61264
93319
46091
84141
20808
55695
50993
48648
66634
7349
1511
27640
911
65657
22937
49117
95471
89668
14488
98421
97609
80017
98703
48648
77587
64452
68713
31833
75793
24339
24363
21784
1153
25678
44059
20389
9921
55130
39569
22029
7193
36152
65437
22481
56524
85621
19603
42510
96973
59
16081
98432
53597
44124
91297
11517
49033
9284
97939
77439
70347
66271
99858
20983
84415
82849
34480
72540
88391
26565
98022
62098
3304
2976
50627
78946
18199
69149
701
3541
69313
65077
60288
22613
32386
2039
29052
84837
47261
22637
58631
78041
80412
55362
4830
26083
17099
42337
20988
82691
33047
81468
32475
26596
37438
76902
96211
6382
9288
58980
86925
66531
57584
6003
78886
61667
72249
67316
74051
56299
98604
23159
47017
48023
95864
18700
20422
72889
31079
98639
86644
21713
47837
1481
97724
22343
63421
14297
71696
88864
22670
57965
81248
751
80626
53281
93911
25804
23284
46093
1309
34014
88591
35132
83765
26519
35516
97123
54413
11678
5297
43414
70619
23059
37937
87151
71399
92208
30282
65734
99689
31957
46010
71011
54086
80889
29153
11631
63673
88402
54689
11003
59377
18341
84366
97195
95323
94544
27800
23602
34439
83588
7993
62833
66174
29173
69001
3438
38822
38429
22284
15348
49676
27621
99793
79613
57203
90001
84538
36457
77809
7666
6269
37495
55788
13127
62314
95297
13070
92381
56239
81701
70379
88477
99131
43160
93981
4183
8581
86161
88647
17489
65971
5261
36871
39656
33568
33617
40733
23067
36653
12377
84332
36485
86797
89017
31251
52978
33767
81619
16937
95912
42101
63704
88043
89346
60343
46753
66047
10155
95570
59621
4215
33632
75114
29131
6067
99871
49261
5691
15504
49011
60826
51407
16051
78957
22995
55631
93997
93487
24551
92541
43032
89923
85675
55569
36919
29827
25463
38326
56659
44480
80439
60129
4696
73087
23417
19763
16661
69270
24018
46967
46477
54692
4350
26818
1823
37538
9678
9398
41733
96927
70147
70451
61027
62662
50311
41431
56219
32781
35972
44220
98988
89904
44119
48257
86333
99005
75149
31461
54110
93565
79644
58427
49985
36740
51302
42351
20897
95114
1094
18858
27917
23261
83063
74968
86284
20389
21993
13346
60119
79439
97940
62564
17629
88144
84049
73523
38707
67953
99155
18003
48776
20029
48049
44037
73994
85640
20101
26185
46199
94208
96198
59000
62903
77814
67985
89227
23201
85831
35712
40354
32029
58567
90522
22031
77341
2058
87991
25791
49388
2357
39646
61151
25588
1791
60337
61
89041
83701
86181
26723
37781
75511
33769
73133
54056
64327
33809
71055
34779
80880
46273
73561
45870
85500
67777
44827
84067
18739
11490
54606
3389
19835
43486
40371
93206
28761
18777
4805
20299
99409
43961
93083
66795
18567
43249
50683
87173
23883
11801
27689
42811
58099
44611
26153
28790
66715
64225
14713
9652
16650
12211
20894
71598
45619
54869
33995
94705
83914
77041
61009
25229
67810
45599
24373
71947
40483
37841
81131
30504
47868
39895
5107
13195
71164
80141
30727
16024
22074
38254
92039
89851
79691
21089
39827
88690
47143
21188
34565
19910
45807
98497
11846
86231
31301
45197
67718
22326
99264
40897
16203
82640
98573
46189
5297
89689
50119
49261
83389
61852
54877
41536
82992
82170
55671
33065
83876
10037
54963
83636
34402
95152
44340
6415
99332
39546
60928
95461
39836
93825
63578
70863
34273
7499
18545
50326
76080
15280
90659
82299
93383
94117
83269
74827
35267
37253
10189
2531
39467
98953
27758
76897
22621
86587
64947
53448
59818
74084
64693
31643
1035
6991
73561
89407
91933
19139
64760
89107
15377
32237
16523
42990
60602
24551
48531
46049
11292
19211
10047
57402
62989
36599
6940
73952
15073
36281
84673
37657
26687
65335
57259
19423
80550
29311
98183
98661
58181
62303
82567
82842
38749
66166
74069
94007
29337
64007
85738
96233
46142
28739
26713
28837
30941
22130
89107
75997
60916
72551
274
78495
68749
74177
36703
18197
38839
52832
57837
21117
35938
59753
8652
1254
46833
70181
77489
48837
26623
95801
67481
51075
37729
17189
67181
56626
95627
96800
41690
75705
76781
35534
57498
6804
11031
95995
40709
3895
84551
46539
48733
6699
14474
4871
5331
40589
55681
94931
44059
92716
58664
78956
22993
98764
69084
23819
6689
48335
4218
59611
82659
59216
25733
37171
85537
76003
37409
94997
43159
82872
25044
91293
85667
20781
42513
20322
68403
60083
85538
20443
44134
21713
27361
1398
81931
18517
661
51190
21773
43340
72739
78220
59072
70949
55690
41381
45048
39527
9467
13879
81702
33223
88907
79531
50623
80532
31861
74523
75209
40639
14591
10276
41341
34497
73650
76891
37483
27337
42029
68473
36793
2416
30804
99803
96797
22152
18263
78554
12689
94823
46673
92571
91048
5115
67323
74353
57942
24819
14060
46308
82683
93043
65077
77738
98879
8095
66751
89777
73838
57349
45485
5413
52702
48239
13537
25097
90647
24332
41730
80331
48437
73011
33797
77743
58625
19697
1499
95261
53240
57314
85549
18943
1340
14759
97187
95153
98808
99500
83006
92367
24392
9479
96149
74230
48851
27277
20618
42487
63539
25951
86269
357
98807
45139
21559
28297
41568
80945
79329
76303
59638
10739
86715
91369
25873
44689
73525
50993
55963
70269
93307
25198
86294
73127
65649
84384
98148
13771
99488
42727
87119
86944
59369
24098
81751
29581
64225
26155
21383
82653
27696
84859
54790
95543
44986
44973
87795
24127
65258
6825
61553
80760
6959
49932
73319
48960
46566
42496
2027
35937
78656
31606
57678
51908
78191
31573
10588
69068
20677
77282
4206
88765
84942
81131
55581
10026
92353
35100
20250
50551
11071
56923
66043
22721
57965
19719
63313
4967
39973
16273
20704
13405
99131
48523
98899
39647
72617
859
16987
99308
92620
83126
67505
43870
73389
52286
82999
73840
91741
87887
92797
11963
60286
78732
42451
52903
25073
8229
90972
45189
25054
1592
39895
38755
85772
52210
42179
51613
1971
24877
69979
32173
75381
94169
69098
49758
75575
47807
3331
21767
13226
35057
10128
1509
66793
69463
92173
78618
92871
13271
97849
98065
24807
5953
4843
39461
54287
67579
74355
55837
48649
24691
52252
14700
32921
31357
49002
72883
92791
6747
24909
56890
80963
44963
34058
18335
9733
63455
42159
37039
50077
47903
88001
8693
18461
5039
93709
21926
82196
28854
7309
82725
1280
85317
11903
9851
32561
93042
34278
55128
25309
11464
24689
77654
87984
81233
57222
29915
93213
79818
80329
6015
38603
47438
22963
53799
90379
67947
12197
47303
69767
75439
29397
84109
86035
92750
40789
12251
12099
46229
75679
77479
70585
14161
21457
88837
86423
16965
66761
44681
74381
80079
49847
37562
94739
35511
83564
65147
98300
43063
66419
21467
74693
52189
18715
6691
13571
23564
7219
99875
13903
35797
98703
81817
18635
59693
16530
57149
17441
59043
92075
67489
23641
68209
67552
93910
34819
59370
18888
73445
85021
57744
44458
46807
91577
42638
45931
99809
34648
87795
2063
48232
85516
60953
57427
14269
83860
96218
73219
69410
65239
85829
26669
96519
21245
62486
8167
76510
79340
61318
4792
39461
82231
27165
93621
839
74699
42299
59796
18701
44436
63781
53267
95873
6781
41829
91393
85531
11503
24136
5848
63166
39141
60413
4146
43917
14540
14561
95777
307
76481
86239
12391
5297
60483
2339
3661
7479
81101
23197
75766
38366
50256
13571
15959
4147
48437
9287
85437
229
18214
27874
89867
51547
45032
39536
13496
81307
21536
26981
74677
82787
10117
70239
69616
90053
55843
83938
66080
48023
35182
82503
49957
20201
58133
12143
82606
43642
10504
56727
4124
25367
70181
63811
49977
39335
19079
66314
70141
55730
33617
54799
11287
25858
62201
13081
80450
61957
1322
73595
82340
95332
32413
48619
83231
22764
78892
84504
32287
64329
72068
47008
49379
4356
56324
16901
76936
45329
89659
38896
5288
96739
45397
16191
22027
75541
101
97868
14526
94222
37097
62662
18671
4583
1926
12281
25003
8008
89065
38334
75980
9158
52631
51540
98745
24499
93187
3
95334
78065
84764
39059
16761
61099
12493
56333
16711
27643
46893
13183
57646
21839
59791
514
86624
58574
72019
48383
13500
82942
45811
33809
74697
87916
99329
99913
27776
10429
39360
7150
62775
18935
11158
59671
27767
48406
91254
51683
91433
26968
64373
77899
40059
47630
65323
27114
55249
80677
70459
69533
30931
48508
11257
55372
40241
99491
31799
55713
77773
43913
12759
51494
46013
63556
64549
40428
61517
45214
72094
85586
53200
69028
83294
61091
46898
38923
31053
34424
87317
69197
54443
37973
3287
48817
31081
62401
67478
6804
31281
29167
5719
91342
22417
13007
57231
58690
83745
84713
92461
1022
14284
52270
45320
99790
28439
86859
47664
54945
97051
73612
63199
14722
42786
96401
56523
30093
87555
6673
48823
39514
8812
89643
48619
5657
27918
44428
99915
28936
7218
22369
71933
63767
40039
68041
521
59929
74963
50123
1217
25541
4561
67931
78593
58406
46309
82009
39411
17477
29902
23871
68373
61248
64468
84305
50110
79627
62505
16010
82163
1597
37286
88499
32497
57367
75629
71680
40657
45171
19231
23374
11097
81515
29319
25261
69073
51481
91380
14326
76761
79691
85743
81133
20976
52321
38986
48889
21758
505
63183
7980
4809
15628
23933
70438
42394
99831
43397
30476
36074
68148
69186
54691
52682
65941
68375
65553
2572
44879
54323
70571
50860
71678
18949
66783
31051
12592
98562
84143
11458
46093
3820
79999
14196
62143
34067
90505
44206
44621
31511
24190
84737
71461
69349
34751
32166
31583
81307
21505
84909
77574
14821
26113
74086
29339
72680
48751
16927
6812
64627
91297
33558
49992
56569
77515
98973
92153
22820
69033
28741
69574
22911
46892
48781
92861
35539
9349
30427
6404
27541
37988
18195
86496
97814
73003
43212
11711
48240
94343
82058
44305
32621
41501
62916
4649
68819
40710
93719
80989
24244
31981
31063
38693
35997
16555
72421
43722
77195
99767
6905
51131
3771
84719
82244
41467
28689
34999
76963
50809
76739
32237
80724
52913
23681
44621
58261
19247
90887
59233
81758
80612
79295
49019
89581
89910
22652
37428
28115
88428
61536
18510
73243
54072
79559
39926
43288
67957
55865
11722
92189
91358
20782
51285
24001
90187
58920
63566
85793
4760
19688
35594
83979
1213
24603
72533
96203
52223
48208
97369
68183
54917
92557
11576
54336
61000
5308
90899
2738
60213
49757
49659
25901
67397
55860
25553
28477
31047
41806
12566
66878
777
2539
874
18452
33030
46243
11503
67189
72120
47654
14669
31039
11330
33741
5849
44189
92857
13003
51895
18719
9433
16344
32916
18986
69072
83738
43073
69899
19381
39103
19949
47109
78638
39317
37209
39554
77341
60666
47264
83065
851
21143
13399
40408
81690
50859
51683
18590
95331
64776
4799
80309
48774
36067
63435
14146
98524
38532
78481
18719
58485
74372
89722
91988
64806
93477
46836
81177
39878
98733
773
61914
53171
61511
97090
5323
87894
97246
82581
82747
63158
428
31531
44414
25032
97967
7109
39968
23321
41066
13220
593
35103
67189
59347
31741
26873
82507
2163
18199
67120
96157
66113
21517
30433
90420
41659
23672
99742
56747
95219
18341
8737
5740
31019
80180
41231
58567
55608
8194
60128
37852
78989
12072
89917
81574
38077
96998
66920
44800
33189
60970
45178
65713
25763
40308
36571
50508
63241
98120
61723
62492
66523
30308
56671
96180
19774
71124
61042
16896
65850
53667
17377
75641
30911
44924
21401
59417
18778
90677
82217
40559
50585
6353
91807
94033
56073
86819
29287
82511
78411
52778
65761
69798
18839
16809
63059
42391
715
50821
86423
97927
12895
58747
40953
62007
60397
91362
43801
63460
75797
22686
42773
65309
55258
70687
85996
22727
95391
78748
66044
97024
75557
85651
22606
36791
2962
62731
29719
17207
70788
2345
99041
22337
9494
58114
71172
88423
41840
946
86857
28091
19997
85983
8355
96453
36857
73633
80567
4735
9743
10621
50146
54559
81017
86156
4779
16001
11187
22164
45669
44798
80455
67686
37184
33751
59708
22509
61596
76261
94589
42157
27076
13295
26177
16831
41190
61001
6373
3844
85927
85552
50720
43754
12288
59750
90197
63510
1051
2894
89756
69941
50153
51213
32083
90023
59242
39302
86843
45344
42780
33025
33592
38778
65269
98867
90001
72269
17490
41674
27529
92203
66674
12113
31525
35089
99235
10623
76245
89319
48091
43963
56168
22973
73037
59707
10313
46150
16110
6037
78745
9079
32300
74831
26959
13261
40596
62351
44677
37443
87955
18955
72296
55437
9007
46055
34923
25284
77699
36108
82365
31387
93619
75371
54336
51591
61616
95389
5069
27062
80231
14751
32314
75437
92184
69011
66500
23881
42929
92227
46861
6892
48049
41472
42487
32253
36269
55947
78358
21011
4130
16382
12239
88609
42480
61152
43049
63361
73968
27107
3307
92876
82073
17683
91400
21268
10884
88477
94421
86335
82344
94427
75854
90355
38833
88241
80777
69073
12348
92567
98387
70986
248
96451
83399
73758
45785
95093
36301
3805
37811
38485
23747
25263
6662
59170
99720
18095
42891
55793
25723
60309
93524
21174
41023
84751
89082
37086
76597
643
76848
68762
5409
38458
39901
9049
9059
57667
21105
91387
94982
72666
65656
57541
19204
99394
7349
79427
8423
32831
39
72240
52187
53673
15583
79363
8317
45069
85819
18475
2447
95733
1019
85817
66339
88830
99044
93319
4061
92557
85333
49169
88535
68399
19727
54309
13433
30091
91151
64354
39829
19249
73523
53992
28412
5799
68053
15309
73060
13017
18077
48608
94379
65778
11243
59930
38989
93842
15887
18008
22576
80998
17083
8019
93887
72116
56286
94068
80491
33857
20021
17124
19568
90031
82539
3682
9959
7333
48330
44711
15369
27170
70297
29483
27290
16105
62287
40813
89449
9173
38261
80729
14945
45433
57070
80953
76408
60719
43922
7849
53609
93871
45206
61730
64900
8520
39499
2221
48927
86201
39899
12298
55676
44252
1314
25382
86143
13773
17923
77943
48991
40449
74207
38889
36237
45131
77243
53891
466
4336
55260
97103
86234
86109
45444
35463
48584
9211
98878
5807
33564
761
3011
73036
41215
67880
45175
3121
81987
49137
233
54647
6887
24863
71333
3527
98986
68925
45827
17398
20857
82624
63632
32135
62587
65226
40823
92009
31357
6297
68311
5249
40639
46774
107
47114
96143
64091
15655
96141
80406
77872
38933
73091
47407
98366
16198
45121
87853
45737
98443
50101
13526
58122
91681
97171
87608
68227
7127
97947
29012
55529
30881
24821
9173
28113
8620
96116
94084
23083
55229
56967
79627
503
93143
92111
35020
76514
27851
6238
9343
61523
14441
46450
49747
62627
42989
94127
75277
18309
7966
53118
75633
44994
64579
82757
85208
4913
92053
31618
78245
86705
68915
32003
68147
12429
83983
41458
57003
43117
19483
89324
64440
77698
27241
7163
32941
73608
45892
33457
16718
78707
467
80853
29759
11790
47903
83665
22780
19141
28384
55157
6958
1695
70604
26693
43382
33119
14771
41899
80923
55508
47911
14411
76790
24763
99457
9923
1139
13204
94307
77344
76746
26295
19885
84533
16166
25303
74420
45697
20999
50012
20353
17231
54941
22877
88168
76883
41541
73733
63103
73212
58727
74141
34754
30427
81911
5251
53194
59068
82603
36887
77914
57467
16654
4919
53831
71971
85447
48079
32573
34784
16189
96642
14401
74056
66737
18679
65599
35500
63274
39097
99387
93946
5594
6953
56599
16603
41592
87679
87323
77910
74602
28879
61493
55246
68963
18593
28533
24927
16231
11104
66721
5360
73607
52773
91991
1214
79249
22941
4861
82995
29220
48857
6869
56487
54577
59996
30521
86587
54514
25357
63697
34843
54014
54037
65146
80190
2969
80375
18374
46852
31566
193
91159
3128
4817
6272
5897
84505
66480
10378
36787
26993
10607
72059
25541
71162
42209
33427
14143
43441
37988
24239
63773
23890
95423
39631
41042
30591
77137
48933
21041
62999
61673
9287
8962
51465
18461
68447
66931
85451
50923
68279
38298
78979
11657
51722
27565
33175
16593
31764
12542
39681
2557
38239
20246
61519
93676
6449
15129
97789
14986
60914
93039
1160
45006
54541
85367
30817
81110
91229
51361
74078
92867
40628
76819
57413
49215
33894
79166
87553
29304
89293
53746
78804
98573
63533
39953
74779
523
77661
86627
40889
89819
95645
63993
9148
48953
88664
55441
26513
4523
73324
31081
59313
16127
78591
919
84737
89226
61140
61532
69574
2953
91703
54075
57346
4832
1683
80927
72233
20743
90083
7879
6803
59263
11939
48413
82461
27397
76271
29037
41359
37353
5669
16691
52040
49201
3851
558
70549
85333
2927
3117
94291
83557
94841
82729
53959
74035
48784
11701
42227
99653
87064
83777
89597
84793
82483
37718
16401
77503
32174
91316
35472
14691
20555
2473
43926
66431
34522
96117
50191
93887
41204
89533
10939
13399
61894
78070
62927
96586
6300
2999
93719
57193
15117
52950
11239
31614
69446
24578
46680
52516
81798
91474
20347
20649
10319
74322
47742
31789
86980
89294
10531
55461
87049
28603
213
75279
65792
23833
53810
17829
2731
86627
66701
35027
38169
93461
50893
98419
48634
10907
47951
55911
35537
43721
86467
73912
87777
63664
53953
74624
13555
34625
49764
95556
12307
64658
58334
3516
18691
32075
49681
16715
78721
69475
97043
71093
73713
75844
31607
34882
44273
93018
89567
69487
89107
79094
17491
25183
7585
93854
86080
43321
64221
71304
71711
47781
46819
24455
76251
84389
35603
70709
6178
28684
29628
43981
10987
1129
18246
47419
77354
79601
78787
23687
86287
68709
4141
58417
46334
57779
46078
77153
96557
44201
65994
64459
66943
37967
97847
2576
39872
40283
60846
49253
4967
26841
8473
91086
2663
31300
83576
59616
75335
5209
3201
56983
87353
63186
70181
20578
67861
38143
71541
88105
53033
94304
24285
84422
36923
79273
6474
42058
36969
37723
44741
98550
79846
82439
63988
34737
24281
21056
19719
67042
49692
97205
76015
21423
47783
10499
69997
16249
24329
4007
8287
92033
13477
51437
34028
85654
70188
57731
44862
46478
70786
23030
83591
97463
40507
23819
62299
79682
24906
18217
63799
28979
40497
67867
41153
59051
38747
97379
21287
49739
8354
46329
40695
13921
21177
95507
81242
95198
66029
37630
67250
99856
25613
13433
24733
98179
42101
92479
71079
58309
18721
43086
4504
62731
93924
70584
27541
77163
65587
13359
18149
40221
39217
18098
4670
49401
74189
33061
9737
20611
57680
59079
25502
37598
80098
5100
59485
82106
24953
54473
13873
28409
28078
14704
82428
75288
9662
45261
26863
66729
80537
92195
61121
92377
8179
3511
92815
51509
71429
53093
57726
84100
85737
44462
31391
40940
85751
37543
81746
73303
12367
80003
38641
1426
48179
77355
68477
86039
89873
18117
36310
61708
91425
84919
43043
16698
47599
47669
80114
12612
63100
63279
19040
85125
25653
79856
61981
2414
9582
53607
33621
18087
77171
40492
27544
98227
66977
32621
32274
52262
60337
15859
66676
80846
69239
19891
41753
54267
59399
31865
22801
24077
60414
32016
73293
73523
14929
86713
20269
23201
28890
5483
13762
919
1187
95827
11293
91790
64319
78235
18293
66510
53133
23678
5274
50086
29524
71549
11469
4139
40664
8179
29587
94885
82349
54906
9649
17412
40078
58279
59467
63440
54718
50886
10937
99195
81480
73093
33411
67339
63439
6050
18853
59821
90787
5229
70999
19793
66971
28871
32563
58035
6559
60937
80565
37802
65831
8388
8570
69643
65436
3079
2053
90019
13291
22133
40880
8017
1297
50850
12380
58889
83341
25633
95426
51132
73946
55652
29163
5825
53900
69029
71165
27481
72647
39382
40909
77956
54747
75217
35529
37279
43143
52778
60350
25867
95933
577
63571
94187
65900
12241
2033
59107
11518
57344
27299
71983
90557
1801
96407
25999
36123
12809
63624
29749
80803
64807
80599
35403
62438
983
60589
23327
76058
49049
94552
41897
8645
58667
51361
2903
94195
23081
79379
34213
97631
31137
467
73849
97046
89205
49033
94652
20717
50079
46456
78746
50821
7251
16332
78311
44634
92923
35387
87300
11633
311
65025
99871
2253
86346
12527
53149
518
83983
24169
48997
64244
42569
10453
71572
20120
63309
33777
53003
62687
32969
25657
75384
46229
28259
16077
33829
17525
17298
36821
66846
89760
92776
37253
15544
54748
96581
47845
84897
62284
72538
70401
7457
33925
45468
1349
95003
6791
47951
5812
47154
73425
23689
64248
27701
14549
83248
337
48240
91198
13309
61687
88513
13240
12588
51913
22619
64838
2381
3907
88173
31922
59
7516
75161
40163
34339
76781
94671
91290
70717
88865
84555
87905
42480
60305
9463
20981
98344
596
23227
82903
8823
60740
74227
80767
43007
90680
64783
17871
98314
28675
23653
66041
22568
93066
7723
80347
97353
6661
4890
46430
54811
15420
61219
65674
46397
89225
15771
87537
26083
75193
87275
93089
43597
88443
84606
36629
15667
30971
31808
31859
66958
58451
89797
30431
14143
11731
409
64937
35558
54227
96623
9561
60416
33303
1433
35570
40595
89225
40071
71131
28753
39565
91359
11034
12811
20443
94352
41399
59971
68677
3149
1225
6143
18506
5417
33001
90740
30631
65486
19701
97984
54881
68553
89530
53755
13441
31812
95918
16704
37682
7678
82129
2969
76714
97996
52883
28901
4861
57513
38598
30327
59781
79588
64579
37430
59447
32299
23957
41418
88858
20119
69001
53477
15643
66964
27109
45331
25058
54251
92413
16716
47381
66123
74399
71962
30103
76253
8219
15683
90163
86689
38726
20486
35894
6710
4737
44491
43946
73897
87714
92441
91748
7162
65047
74226
55247
89129
37966
27371
75617
98660
54269
45960
58916
11826
68207
139
65850
3613
55552
84551
50094
79255
83361
92453
85892
3011
64067
86353
94253
27073
16607
57809
5635
30545
61406
78541
24767
38375
6065
81737
52972
85001
49722
33063
24
63793
49369
81353
41706
20112
54582
66499
71392
35051
5786
33053
47657
84811
51184
57502
78393
82244
64834
48311
61334
70249
68400
43495
8000
51941
98561
97069
23167
59419
56975
24442
71893
59135
69031
81661
97930
2424
34259
15053
16003
10389
62384
26713
60197
41077
34209
76596
26780
33854
668
67919
82549
70501
40991
34533
49480
68054
21447
54911
47825
93553
29953
31376
79574
98005
32848
75396
72893
29644
75329
58901
25072
30285
19286
42190
95733
49529
61211
74687
97090
75663
79636
43500
82891
97147
66458
58913
7307
20701
4553
48276
5864
90366
42181
57110
19073
97579
56921
1823
69277
6473
50077
32228
93497
56671
67757
49259
21601
80405
10862
32141
59749
95456
59581
46443
76157
11684
26813
46523
95780
42124
6689
79631
69048
65147
29147
42744
61783
30532
48825
66325
95088
72315
84948
20086
53841
79379
11804
83459
94952
16091
26374
93139
38733
95654
93911
92228
25135
24210
14023
34380
92789
56124
73722
56747
71033
78823
20992
46212
55763
76579
19819
68335
59449
43380
96526
81439
1486
10877
83449
14192
1321
16322
60507
68095
77514
18049
63813
852
35065
78116
83003
20702
66569
10390
57555
54186
98171
17603
59443
97325
19933
68842
78170
97523
81223
35597
51921
48272
80567
4111
11028
65726
1075
89519
1367
80202
23984
63727
86909
75145
33192
96652
74007
36219
7619
33102
29152
37337
99045
91398
15395
57645
64928
28756
45895
30372
28051
30121
47558
87845
60217
88798
2347
54679
37061
31945
70289
81901
80021
30185
38694
40831
37253
59011
2299
43207
47713
19332
29283
59521
81919
41
43705
84630
49984
89518
40471
85118
54085
74357
20563
31849
25631
10993
37285
76146
28335
44197
4444
63061
99241
19082
99961
68933
19423
21276
60490
30876
36909
20820
11399
32253
18595
69576
51952
29131
51321
20249
33389
40087
59812
48281
44987
57529
19936
48300
74797
25824
34994
10453
78791
85880
68192
33547
92901
55413
76858
4740
45281
91899
28609
74428
43677
16267
373
49501
34196
14247
53479
55721
11731
14437
97021
91097
59051
32784
3529
95561
61532
66489
24244
11379
18719
69863
53089
68961
35593
94744
19321
90110
5361
24749
19434
69034
127
49380
68261
81239
53761
26669
66787
19571
69587
54144
73947
44862
78212
29289
67537
66199
84364
3457
63796
78134
30328
69630
23109
25138
39451
59531
1103
8897
77855
39217
89416
77291
51066
42663
92428
40318
85333
92744
42533
20143
61927
58909
99275
42254
97127
84728
45718
59648
33275
46639
72267
96493
89527
21964
78781
72109
9537
33811
74054
71959
31139
17464
48960
45413
86132
92426
59880
31761
17188
76335
2273
57554
13450
79228
70753
59431
19949
68748
57543
84121
85237
4479
24592
25329
39497
1055
55548
36263
44087
80707
79231
36511
38453
29577
79847
51837
39345
33723
25639
93553
62939
59699
40879
82473
55332
99452
69615
2297
82215
22923
4515
66110
86969
54979
9181
7021
65012
92373
29147
45813
66803
9941
52081
68435
70708
76125
50287
67733
98809
69861
7960
1383
92127
4835
29195
88861
54908
11251
46858
73259
58269
16531
77542
45097
96748
76410
30834
11621
6563
12180
91873
29935
94390
90848
93053
55293
77731
84002
65535
76871
93499
58741
26863
97681
70511
72673
90034
2741
4987
29383
22706
29917
70717
38833
70599
55147
31849
28279
98068
60961
83922
29524
1230
98953
17382
77073
63911
86753
67421
69306
55275
4951
89034
73203
71363
57268
8902
54747
15339
70843
44111
2579
55455
71653
64054
32973
59076
24887
12199
72573
9804
15545
35579
60647
10957
17569
60869
74357
23151
91139
64489
94677
45373
36139
81371
52975
23291
24799
69076
97093
66583
47393
38183
91033
28781
78814
70114
98106
40485
68375
881
67822
96835
73417
79326
78889
70537
80986
16917
11171
64816
6327
24799
32647
93739
52147
95343
37101
33479
72818
12473
33091
58361
1497
52572
79875
97211
7331
80478
50169
81904
84221
95578
62347
58070
17483
17117
65243
39191
40921
68870
9281
54364
18563
72073
77951
31159
24907
26489
79559
36988
85447
11646
12197
34057
3917
42937
33754
88791
35531
77270
60521
41177
99464
9689
19429
30079
1604
45869
39800
6450
50383
73303
79163
75243
30119
14159
71255
80599
8317
53030
72793
43517
42667
52955
22869
67174
85323
41387
99023
42261
91811
26686
27161
2543
61608
91673
37501
42302
94597
82391
13679
37319
63722
11349
89770
87227
39749
66553
36069
60706
32789
63918
32899
54847
55219
38124
38591
29819
7643
15887
24109
54323
99761
24248
67451
94900
35037
76025
76878
41095
55775
67501
7331
69500
59067
17283
20450
55441
51168
45130
21297
55300
19061
11650
61681
71841
9720
33409
84137
93265
54499
44764
8317
76830
18291
51064
5821
98530
50170
47497
64607
35740
84412
72307
49297
67399
86423
38273
14295
34735
60612
71544
49443
56149
7275
51586
80208
81043
73331
52453
23723
81123
58846
23311
13469
24024
94651
9145
88667
92671
24003
55927
78656
63073
70564
95393
86137
45104
72425
10760
18594
58978
72768
2823
81156
82617
53783
15809
58465
39581
82998
16038
59671
19271
75192
76913
21817
43500
52754
21383
73379
43151
56824
74964
10784
95170
79354
1523
3119
29663
31601
95517
58349
65926
68164
4451
75367
30303
42765
66726
42105
9461
28951
31415
35593
68892
33064
1770
96342
48158
67939
16349
86837
46878
90901
1039
63409
97666
53777
41553
48082
96441
69827
22027
80769
8987
37397
84253
84247
85570
16270
20981
17083
56621
65141
56479
30762
21017
14990
89917
50245
31177
32353
59499
81643
47418
40865
48917
55229
98570
58991
13553
12721
94477
9980
40684
37622
64553
49599
56636
23639
79943
31769
1356
93077
72059
47011
46187
9983
20350
24452
51059
55141
87459
23567
8071
2718
80616
76586
23781
76068
39788
36787
38657
29419
83085
34985
53161
88583
43951
5984
55449
55180
97704
58944
87931
91385
30011
9375
33181
50202
94099
45408
659
58117
17398
18379
82166
37699
52376
15898
94949
1816
37945
84263
50857
2333
99139
90559
23068
2300
98377
44165
82580
23696
22395
81501
74375
771
52431
22269
44809
91577
18382
78436
92581
49199
46636
62521
4649
9217
88778
45964
17039
32076
9988
8683
84673
77849
72286
38481
75854
33623
93479
71893
98213
14011
66763
95707
89867
31252
90533
3338
48050
64663
59148
30114
29130
76477
643
16303
69330
58151
30205
60362
9907
8295
81343
90843
22441
26826
80737
97640
70269
33237
25955
18269
38083
3159
31887
84431
72659
55589
98505
45706
15643
14716
67213
15395
57866
26290
54886
34677
6321
88397
71011
11783
97212
58364
31033
4038
53678
35869
55167
13058
69996
15072
18407
81473
89917
73839
97072
76186
33601
22271
72017
18114
99177
85333
74540
89816
69814
20599
25097
76913
68198
50079
98488
25679
36709
3927
95048
8925
9788
13898
7309
25537
167
62550
58474
3893
13681
22546
1087
87642
35729
52472
58182
95425
11692
96126
36038
33479
58606
3467
68581
21961
97881
58833
54102
39492
38327
907
41574
25991
7377
49261
72383
2227
74644
84202
72229
95009
11884
25878
48523
73191
61616
94628
87589
51969
17226
38454
58295
16613
41573
61434
54786
57397
97402
20021
4447
41792
14596
68226
67459
31079
21616
19607
19739
6564
59797
6911
48239
86453
21120
99787
55781
513
57889
19345
63162
60585
41534
49991
25158
80546
57352
79962
17207
45599
6648
57559
80605
6406
6217
32420
91630
93187
3348
31283
98191
96989
36174
3456
41546
7603
78182
61698
99867
65934
58493
32603
21143
21906
83880
20407
17431
50203
84947
90732
25846
66539
7953
3301
30253
2287
99347
41040
27874
13658
18224
63059
83987
8737
46471
88007
92791
38977
78714
85206
47279
55667
80549
91009
7307
1688
9809
15954
83988
73561
18583
35837
11099
16007
19697
30461
15362
49157
38394
47738
84066
95233
28443
75503
34089
99486
81553
36383
61074
54568
73544
77395
54368
43961
83988
36112
76135
58901
77392
48131
93134
1969
65917
84199
73637
83921
4072
31519
61169
13694
43189
99898
58822
81860
87041
61575
45007
9059
42684
26110
76159
99837
79677
27542
96269
3268
34415
49570
63283
13486
9049
36469
15615
81617
42796
37181
71059
6786
14173
94442
34797
54443
84163
55227
52903
26437
9764
28921
31397
17293
32839
55768
44024
33563
75617
41572
76170
82287
19523
14593
72379
98516
1607
40377
81138
39749
7990
32909
87251
99041
64644
2241
70823
70314
97248
89009
54024
95731
52034
38775
28797
1951
43714
31629
56929
66003
59392
32137
23063
88920
76157
67140
65042
97345
1031
44642
86959
42143
69650
81563
46350
46439
1905
69907
51899
55450
21039
78792
13690
97151
36479
85717
39233
11130
13000
13171
40169
53063
91393
28576
51783
76919
37622
66832
67192
54758
9342
3099
36229
52845
76651
97554
68229
98627
35526
73673
92377
5501
61519
54269
8559
34607
19704
90473
80233
86843
28152
55950
64663
24985
53427
69080
23197
28961
89303
8887
32441
44249
15494
59545
61415
66791
71711
3476
53064
13215
70891
92402
83437
92569
36837
42651
77339
81671
76883
4925
65211
7591
47282
59250
15101
691
21591
42751
3129
90382
65149
36824
3362
36457
64768
17041
84163
97550
40037
54120
32707
62143
14423
43781
45597
79511
62595
99181
57745
46158
24821
55992
46807
83641
57057
95677
16193
84219
13691
29907
58537
54541
94789
18150
75611
62751
673
81518
12347
28130
28636
89360
10709
34858
77072
26387
53097
86011
91943
83677
73701
79351
13280
63521
73553
59206
84221
67651
83206
99199
33359
35131
21197
56023
88362
49725
18593
73453
44687
74796
63949
24019
82469
5113
33739
92650
25919
97723
93139
7621
71988
57743
9433
60548
89196
46051
65436
75391
36571
79181
58831
77863
786
43294
5039
4507
48049
3034
83706
77945
66949
5099
3858
75161
17569
5048
39901
76907
22828
41702
40819
21053
5897
2273
60828
70297
86604
82724
9634
23960
9064
56330
81998
80456
65579
1754
45989
87641
46161
64134
22859
41900
85533
61109
93427
75541
27106
75617
64574
29175
61883
26455
83734
83539
7027
31907
32797
21845
73573
7272
98050
31873
8233
30485
19219
30741
55795
18305
76298
68883
28027
13396
74021
23117
28157
94839
74915
71288
87418
83997
33199
40867
27123
35946
33493
96149
21729
1097
41916
4231
36541
59951
40250
32779
70997
89884
71284
40089
12317
34156
563
41438
78361
55545
95456
926
12315
46325
91121
73667
14912
9622
85259
10792
14895
24117
8963
9457
86287
95532
50368
14901
77543
45751
31586
27733
5854
63932
40269
51199
19583
45341
87691
13339
7488
86402
12969
85039
10781
76798
79662
78690
11051
84432
19429
8737
17477
80352
93419
7086
53004
93053
40440
68680
26927
62128
87626
13153
46419
19213
74657
67319
76423
7957
64433
28848
69042
36975
21877
68930
5711
3991
84671
63904
4952
28238
81191
60230
57901
6257
10919
20631
55742
23233
73855
14575
91639
44839
28024
11447
71359
55979
20899
42533
51913
491
65743
39225
7639
39323
56191
25007
52859
47796
61717
80113
6577
85628
32359
53743
21461
17261
66072
84060
13711
41746
24907
8341
52883
16381
26081
88269
67709
69475
58357
40176
47215
46254
88682
67596
84589
14369
51677
12102
4337
10391
50649
7103
65054
41959
34944
31691
65693
1787
98396
81119
58074
98684
48479
96546
39079
50980
54588
48323
24611
43853
78713
74609
3101
73121
49212
10560
26731
37094
7307
94828
36173
83071
76665
86614
40325
51535
70570
23741
84129
829
18457
11968
19181
55829
32784
59325
18911
57383
93141
89879
77384
56923
76231
11704
21401
19693
22699
99623
75031
94772
42589
20737
23531
29136
50952
76943
25128
51412
17077
54968
43753
7957
44652
66088
3319
85429
31168
24967
39236
89783
55411
51941
53200
44773
80697
25217
8988
10526
15227
3266
28653
66221
47954
23627
39221
14153
81929
26215
1339
46467
43151
79637
26357
94324
96527
10301
34605
4813
51803
81671
46634
74363
85568
6410
52997
46681
11372
14293
91709
82153
73062
77721
37653
9463
50834
55418
34594
31079
29443
57593
11194
15634
69716
22144
34690
96293
30180
63596
45999
24480
53366
53584
36637
48516
4401
31873
33766
9795
69731
19851
81007
1578
61118
18797
30559
40810
23582
47963
11351
4796
93241
63296
53849
1648
93614
84263
5354
43072
56737
87287
1715
19611
80953
9554
30577
31769
52676
25524
46971
27819
84630
5581
74567
65913
46776
48043
93534
16703
28073
28603
73389
60130
68507
93491
69018
27427
26737
45329
17159
59369
16217
5960
22970
2503
92218
28580
27538
46076
36560
13475
3851
88176
4757
84195
80002
71261
8770
56289
11163
26561
62463
59452
55169
75462
88797
82061
24284
36569
60271
16981
54419
891
32879
64949
70745
43521
49281
33840
12211
67187
69105
93835
35787
36217
68670
58949
46947
82084
55127
12508
28228
44920
86122
79750
3233
93669
25724
19444
84899
80872
84713
21017
17778
41117
69070
17353
1570
27527
15061
55229
9221
2499
91428
23557
78889
77573
16066
82478
54973
93487
87277
23277
89109
74051
6397
16993
26119
86932
87214
76103
36730
4422
39660
50622
3320
70098
68216
57572
33361
12073
669
31891
80177
75929
96170
93533
3861
56364
4441
42754
23552
2309
80819
20051
13699
76907
5337
56254
91813
55249
47277
2938
5166
76039
88642
84787
18287
49329
93681
78050
17323
91374
69227
25421
8368
66519
72788
89290
45224
22040
9352
16116
32203
78347
71999
79044
17978
25072
40310
85427
64872
19694
11779
61441
22484
55316
56160
61423
50224
73678
9646
47387
43447
11821
48258
13757
69146
49937
31573
42533
18511
72304
9887
69785
90427
36149
26503
6873
89909
2925
44027
46743
10313
92941
39142
44622
77328
23271
19843
56825
3157
40053
25228
78615
2323
4007
57162
98369
65171
50279
10450
16912
56773
98593
41755
19949
14323
75320
66492
98377
17644
1356
82561
1439
90944
73113
99782
17419
32054
66822
8191
29596
85021
71909
89462
45992
72660
94597
58631
58067
48291
25466
40677
55128
23747
70099
71209
16064
41598
42649
72738
95322
47073
34814
98760
69711
3331
93338
32717
36433
17254
50364
52888
46114
89585
71738
53861
36840
54839
70621
36011
61819
49031
34478
99013
23531
72817
90237
44549
65508
70005
21370
92586
49455
91260
93503
29383
88727
56357
79811
26123
61151
4345
54581
24299
83857
66067
67723
66309
23633
95193
86287
89844
2777
85643
18149
92398
29647
10847
39262
70093
54913
64647
71546
87547
64693
40931
60397
46696
5332
7639
63558
32804
57973
30971
94547
45274
36415
20899
63149
93228
37286
41068
41927
79970
97002
86357
42502
56181
26155
29333
8329
24071
90333
80294
643
5659
11142
59985
37693
20177
88074
1311
90990
98809
13550
16699
53493
33378
70226
24368
7605
60191
61482
90547
91129
39233
41647
17824
91453
98378
3877
4721
62260
24440
12399
18973
22219
35923
34719
4073
93949
93639
91459
68141
48688
5085
52153
27427
85781
61129
19624
92079
25578
38601
92593
89836
96658
69183
74323
45698
57132
41199
30617
95462
33100
16035
70974
90741
76984
39390
130
3540
80923
62862
88339
63320
77435
98689
29209
19668
10243
57816
79052
70967
28663
84481
87009
71713
41854
49023
15665
20115
84919
5777
91654
41017
2966
85086
17342
59556
31437
60443
373
36473
29121
28229
28513
1817
24473
11734
18080
3347
30593
56713
60412
73876
55616
29948
79271
88850
46616
52046
40751
94178
5209
44563
37463
61553
29453
40993
13217
4583
80078
6390
59617
95048
90977
13883
31093
86667
6397
36095
72970
96181
97638
36807
83725
21644
25219
17757
81228
31981
41681
71147
40087
61166
6733
8100
72379
79873
12597
59221
48402
42784
1487
2089
1676
89271
77743
6939
55405
60686
22013
87697
63251
67523
44553
82995
9080
53171
24674
40424
71213
92038
45149
83308
28847
56478
8317
67782
51769
95457
79465
1742
62743
57649
4916
80437
70039
95109
11670
73323
18717
67537
81922
39341
42022
38846
10399
47039
44741
82507
47981
32779
70639
84437
131
72955
42459
8793
10513
6888
45829
223
69096
69653
7961
79874
97891
26911
52321
20963
49290
60072
40717
8215
42230
20602
24083
72494
90263
20535
94954
86029
48690
65293
83696
42169
68975
21817
89592
53639
44027
4419
28389
93787
47316
13487
78729
32257
72707
10487
95840
38107
10594
94727
65774
70891
77351
49139
55207
25538
8329
54667
67153
58783
74775
83670
26449
40559
23117
85934
29573
76466
21043
47978
48611
45758
74806
63388
59228
52650
24829
35261
41747
10253
43573
7757
38011
5167
28012
80029
11955
61484
2078
26285
1069
5400
49727
62398
79867
37192
68371
63397
1943
11750
1453
20939
6169
83520
43261
76787
81797
26059
59600
25349
4159
46328
92742
73643
3461
85034
16657
52660
46851
90759
58694
2368
26678
43470
16333
2341
89401
33691
97185
67943
53933
19160
22003
8669
42500
25622
12802
87929
14458
24289
25598
543
53921
67983
16740
85495
599
76644
15960
33584
92401
64853
9927
22697
97302
21750
80381
94309
59809
1208
85531
87433
3659
31721
12468
68399
33377
8793
7105
74394
7054
78259
78184
71484
62800
35202
22091
56099
3561
44350
32257
65309
76730
32916
7731
67577
45413
31517
14423
43969
59574
20593
87323
86274
16347
34273
43951
78929
58763
93935
10160
61436
48944
95939
27555
4727
53823
49177
74154
64693
87608
43495
75377
805
36025
73249
6851
29411
83459
21274
83227
61496
87802
20823
18334
27961
60937
11396
51246
30431
49383
90261
39843
87594
23192
92459
46715
32644
17137
40888
78079
50500
81463
20749
4787
94211
23675
53126
87491
66931
49776
35858
54638
53653
40153
34499
79601
33510
8123
17025
13877
23311
54841
67521
68664
19990
32734
409
32335
22238
59559
95597
65998
36833
29607
89413
25756
68887
10566
74203
19429
5923
49211
21227
86981
99222
3558
79987
32611
96461
76749
55603
28102
81905
43781
67931
34939
35593
43121
74453
61231
7008
82120
34757
863
25438
48207
73943
44381
21094
29021
89268
46610
61463
30558
23633
11048
62298
68845
3697
55819
72183
90865
77906
370
4159
95441
55130
43704
25799
15450
23757
66878
59310
53309
3138
17929
16378
40768
96865
86371
27266
45181
65900
53958
36123
87070
86493
73288
94379
71440
42437
27591
45829
10968
62182
51313
57287
28797
10426
43279
44638
14337
7197
56041
48998
3097
60285
15585
75093
13864
56755
12221
35221
59542
85588
20611
4774
62477
88853
11584
68066
74565
90931
26225
23271
59659
47780
79774
86509
27759
1877
5157
75797
32327
25693
90153
66883
25782
9677
55217
79665
76071
61556
3491
12739
20707
44969
17977
2981
33409
41227
84089
89609
1647
31766
80403
84509
66347
35993
65113
73549
64542
81283
93434
81276
94201
75161
94397
64057
43582
18835
12239
41749
38756
38863
46941
6761
95021
77659
94369
63197
91131
60209
75253
54139
64526
45533
62772
62995
84686
42751
18121
93616
80248
78493
22708
16477
49559
88499
84243
14124
87808
11609
17839
44132
63348
4861
43871
9722
63420
41399
31159
13381
2297
9323
38239
65834
53522
37015
47027
91690
70679
34607
22627
81487
26267
79385
99428
97662
7413
54843
33617
36749
13542
21194
91076
64182
77624
14787
96358
65677
77252
7212
9368
26915
23313
4327
4075
4241
62288
12720
82149
17014
96052
65956
16631
39418
50891
68897
14621
41009
87182
35091
81410
97987
46079
39108
30398
18220
63863
91951
54077
18285
56417
65035
70870
59423
96469
62987
92243
60411
4801
5479
32303
65213
49569
54581
5879
55352
45921
4651
3535
22729
37792
68782
84281
68586
57529
81157
7369
43592
79219
62066
69651
11212
21284
6401
34970
90159
24631
29166
90051
71770
16636
12574
42323
10435
55830
63617
48187
8737
63773
2308
10357
75557
38235
4749
75391
41263
62436
56078
57783
97829
11748
60450
75269
79741
88493
25236
80075
29746
2247
6848
6469
60155
82223
69600
3461
31624
32119
57970
34958
78955
19991
39227
54668
77269
35083
31426
85894
88746
19013
30470
16507
28513
45160
13185
13759
57517
84926
92399
14731
87511
30317
97662
7952
14774
68759
2120
33811
1176
31076
28724
32516
35865
73283
41887
22027
44623
82131
46399
78556
50462
58160
41463
51736
43062
79311
66439
32970
28909
21027
81847
60443
58118
28596
99929
92663
15791
12409
4297
4911
50887
70142
36931
67714
64063
71443
48179
53659
51681
59268
29551
91961
31637
84298
45042
78236
54872
5693
77563
19705
75184
60793
82163
82841
43609
91943
35599
96162
27793
59093
83009
57315
87443
96489
64799
96419
5012
408
70919
96902
74357
33789
97211
23059
39065
14683
16903
96476
94433
2991
76993
62897
20611
41728
28025
71742
27743
75597
85289
54171
5407
16339
2407
79046
37706
37239
77768
83589
4573
62483
4372
10601
33679
70834
14489
47363
2550
23829
71317
17768
4875
92814
99638
9901
25357
32573
58965
76687
24323
20385
19079
33021
62143
73061
27582
54920
12489
57721
73609
12599
93075
64319
10179
24731
8803
81373
23256
62537
26525
66287
60954
65506
85274
15259
10702
19881
10544
76871
2609
68432
94777
94533
76121
59017
79524
7215
75589
5560
74687
8159
54919
69127
10767
71859
92421
89521
5447
85617
14889
93196
49003
92989
52837
59081
63016
89335
76507
53857
79314
93038
51440
37196
73037
35879
95231
32983
30144
92425
21638
31383
18691
73340
33685
47951
20287
12530
46645
78173
21787
79201
82003
29297
1551
81385
72814
25541
65007
27611
85447
90473
92200
33076
97263
20899
29138
86794
53076
42249
2326
61231
68945
20862
11171
76298
63803
68052
85931
14291
98731
38877
48160
62529
58215
78810
40759
53058
4373
56531
16854
49060
9179
53312
45447
20389
8378
21163
57578
42302
30460
30241
67511
69974
56915
92261
18072
6037
69389
44258
71807
94060
99030
84307
7264
65822
56256
38593
60349
73309
47928
6018
50327
52009
93229
74219
28727
62123
23567
15299
40163
45005
21107
74016
19468
51787
48541
82154
15548
50678
12382
92369
91867
27953
5168
29798
31469
85651
52299
42528
32009
13003
69011
34895
32755
84505
42158
97621
10792
14813
33329
59539
87255
42728
89432
63190
97397
45335
12394
18609
24777
57943
59340
50942
99277
74051
15216
79417
77723
23143
83227
14340
42379
509
459
98473
75030
25747
36292
4429
5131
97292
74145
2130
52714
29819
3067
16386
76099
13381
40277
29769
36096
40383
21067
80955
50632
68533
36913
3192
62665
41980
73063
23428
35203
36252
25775
35155
1949
92227
54208
99069
67307
69263
73561
44829
94427
63841
99543
37349
9198
48474
33049
45164
5279
54001
12622
73782
8861
44025
38803
46256
80317
19199
20947
941
12674
31461
23269
92557
6728
44973
92381
3969
26153
89714
33914
78977
6101
19004
60176
24001
32425
66271
63351
64645
16674
85223
96697
62777
26222
19417
59776
69832
11443
13379
8501
80909
87038
30619
60293
1928
41534
60601
53851
34886
12934
97212
12894
93273
82667
68574
43991
30223
71314
86836
89769
36093
95318
70008
61282
48954
96302
33660
73019
71305
65633
57527
56795
37330
44118
74692
84967
54503
59011
46590
8537
29596
85576
68491
76648
68895
60228
73311
76039
11856
73196
36481
12983
32648
89198
85341
46477
22439
52859
74159
60947
95589
61580
1072
43633
81049
15967
90633
55057
5922
33547
8130
8682
19810
96322
67215
7598
34631
73310
89431
99523
68472
62442
32694
58613
10332
37225
9410
61378
1031
57373
39458
67588
46786
8003
29844
96989
27961
88903
88811
94225
94387
91542
85828
47372
82223
82757
63302
74023
36263
54451
24945
80651
26393
8803
93440
52422
30015
62119
85903
93941
65009
45503
15977
72889
17034
56633
5236
2289
11889
99597
1723
69497
86168
30267
89453
50857
36019
60521
62299
20441
78623
53716
87595
38920
52115
36373
59809
2485
56386
77497
73939
97822
92635
21893
35059
96449
1013
85218
75932
54673
88379
25203
95623
32037
77098
90383
6703
10391
43083
67471
96749
70317
13457
66991
71954
33703
66872
12360
27708
48178
61288
5955
32101
1028
11903
98009
99713
89687
45
3371
55687
17749
58921
34126
81549
85020
3251
9629
41824
52173
35059
36189
82847
25518
81901
77090
68863
74861
86981
20290
18981
23992
68287
6131
31452
44755
82274
95730
16446
43913
13477
11353
58833
38921
90230
42793
64123
28219
67937
43789
62582
4522
53309
46942
95753
50969
13490
43988
2400
77898
37907
59492
9624
78844
8609
16937
25969
64371
47257
4283
62289
50363
57098
6053
2857
72222
9281
4686
90107
24977
86948
92641
76827
68327
45119
98773
55051
90094
64805
21317
50737
16769
63968
37402
88663
26248
1113
13249
80933
14656
12462
95845
85332
26526
67139
83268
62656
46112
42139
95401
14419
67273
96713
47381
48799
75476
60316
99812
84395
54250
79626
59611
19181
23327
61002
15937
3119
22637
93326
79556
37533
89243
81412
29641
33871
77479
12479
1661
29759
77290
3494
67153
82099
72706
57969
34877
79769
29879
81062
38297
60589
40531
60881
3847
77010
46261
55581
90606
93893
77038
27709
8803
17798
87832
71467
42913
58776
28846
59077
22256
93901
36285
24994
98723
13597
1838
80149
94949
26009
88153
1693
16205
96002
81481
92790
7540
11166
17027
35688
95298
50644
77012
75541
191
72167
80147
890
4297
70849
9252
68775
18792
5783
16024
25577
76894
21371
9577
17121
2018
11215
52056
78397
10393
62333
36068
626
1847
43049
21023
9833
48299
80641
69437
7727
47825
89350
11719
15693
7427
41737
63416
72931
29808
10847
44864
77982
71429
60278
29243
15176
95408
84749
79146
44294
34254
78569
48685
70903
77897
38168
48957
6221
49639
2153
39787
23565
10039
56081
93323
52882
29473
54296
26962
81919
8323
36774
14325
33866
89215
92849
87743
2195
65563
24849
29713
76099
50014
70487
65088
26221
41047
82421
12900
80313
26673
1657
24399
17275
44381
27692
34931
25097
1549
66028
57901
87570
80536
15131
18321
69200
98820
21369
39607
46567
36988
65970
81918
89998
83020
49446
12730
12987
35848
53272
88186
79130
64187
34114
96449
22621
89501
19704
64879
60887
43780
92479
42397
41761
64153
68993
16369
8831
50549
78707
21943
17310
99551
68715
70067
49931
45516
4293
58192
99241
96972
42654
25243
99719
9174
97927
34830
93383
18082
65843
69415
20493
91890
46271
2087
15604
85685
8849
85847
56120
84289
23497
98241
3973
77666
94052
84239
9653
9421
91726
66038
97001
46441
52201
25981
16963
65452
42727
41801
99787
43207
72911
66821
93517
41081
31968
6013
93893
44037
46067
19727
19371
9791
2543
40831
86077
82497
14058
65539
59049
89867
97001
18181
82750
37740
86082
87991
38697
19177
61043
83936
90221
45505
50444
55374
1607
34968
55129
5217
52747
54343
15527
76771
52081
33191
70104
5783
62081
88098
84137
29630
26170
9931
86389
25307
18461
34005
51035
8330
23734
31362
67049
33533
92012
65483
16394
28787
10243
43912
52166
93553
10304
70709
56873
1867
10390
16619
4217
23833
52460
41279
12365
90765
41980
81769
39307
59075
60178
16805
14461
80709
60457
17245
3038
30817
94999
62981
73103
91056
73563
24671
91970
39269
67103
92283
36590
23667
92802
84871
64538
66515
12653
40321
78026
16087
69162
73093
31387
70998
93904
72011
82040
75902
8926
61223
48720
19561
40906
90203
33021
11844
43655
40144
76432
4352
45503
79110
37570
93070
12186
2915
61284
6580
19001
92780
68339
30353
24443
43151
57134
22283
95273
28111
35593
197
2539
27827
76526
40337
55399
32822
52659
35771
25086
71809
17966
53675
709
49872
19013
65831
62461
44671
19034
78032
70283
35476
10513
61399
78856
9203
63123
92083
5333
53167
28304
78482
80917
71963
71821
16399
70066
2383
87973
7227
99005
13187
15601
39671
21048
15021
8863
84969
63512
31951
67524
73911
39018
32402
18301
63201
69463
54319
60703
11130
66347
32069
15753
77288
20731
33413
36319
22031
14593
49237
21283
28463
15896
11582
95107
39847
27875
45233
69931
62219
1777
48456
15779
9901
60061
3671
28606
2499
39953
17360
89833
42864
22735
44191
14701
83498
6197
35141
1213
35582
71993
14901
12138
11317
66071
60923
29825
4658
68171
56133
34591
67867
73827
92107
75280
2943
38864
76214
74653
18237
61129
90442
11732
22033
85659
14968
24919
92879
29959
40967
7603
60013
77042
51445
94189
7879
32324
52453
96223
22404
31737
14251
98206
83428
79531
41235
47711
43059
70513
42677
70009
41944
38747
49891
20857
76446
35879
96047
14557
36162
41911
77411
96086
30439
56509
39932
43451
36931
79112
95567
95077
43577
88903
71399
21391
42145
77886
12409
17746
64876
68927
16675
20354
96863
77969
68244
22796
67794
92913
9109
66390
78011
4610
15601
80833
58488
87446
39191
86282
82770
31701
26539
58060
13411
90836
47426
19842
25319
95717
98451
66953
31163
25168
11691
37569
29617
9311
81603
75991
96449
54623
67141
92106
94356
73643
698
467
98197
27430
58846
43058
21273
11897
86039
70361
4787
79553
81049
80395
73094
89681
36359
45124
58787
43352
87253
89274
2862
98820
54159
70941
91097
13327
26652
9173
77428
18143
57522
20552
99119
25247
32839
29330
60101
80027
87877
5419
89009
8817
2898
51599
49218
77656
14692
53903
81929
3469
93350
50433
56493
89630
66544
27059
